1000
4
72
84
61
25
88
52
58
23
63
80
81
15
35
36
71
96
67
11
48
78
34
14
31
35
23
10
98
88
28
68
40
51
4
1
27
91
4
85
65
66
16
97
32
50
32
3
45
51
65
44
28
98
9
10
32
32
72
81
71
51
1
10
53
4
62
80
46
18
16
10
83
83
6
67
32
89
69
29
39
85
24
19
83
33
80
66
64
3
47
34
53
47
95
6
50
9
37
47
26
4
56
60
86
13
26
69
1
46
97
92
31
73
10
65
5
41
30
20
44
28
5
48
74
99
5
75
59
41
21
84
44
28
96
81
92
21
50
93
19
98
36
1
70
45
65
74
37
46
45
80
74
49
28
99
100
32
26
58
25
98
42
20
26
89
1
69
9
50
13
79
99
48
79
69
44
95
42
81
93
39
60
18
87
39
16
86
23
93
44
47
91
37
18
68
25
18
36
85
19
49
16
18
96
94
38
92
41
31
72
85
69
83
2
56
22
69
41
96
62
36
94
4
72
11
71
48
81
58
33
51
6
48
20
54
93
57
45
85
88
68
69
56
50
70
11
23
39
4
18
52
39
63
55
63
74
25
10
6
34
94
56
40
93
76
45
86
84
41
22
71
8
43
79
57
12
89
32
2
44
1
5
83
64
59
45
89
35
6
94
69
100
49
60
92
76
4
29
60
44
51
82
3
93
60
59
56
49
42
10
44
43
66
26
6
25
22
94
11
28
39
31
79
87
42
70
15
45
99
74
40
1
7
42
45
67
53
52
67
94
61
10
88
27
88
45
3
9
90
65
88
28
96
66
67
37
36
81
34
86
6
25
38
12
19
82
78
71
33
44
16
46
54
4
24
41
100
78
1
90
42
89
17
89
6
83
78
93
63
63
78
68
39
15
32
57
48
9
79
33
5
95
30
10
50
53
2
49
82
2
38
75
42
55
64
48
37
93
40
52
7
70
71
45
36
2
2
84
63
80
68
67
26
97
76
75
49
29
76
30
30
65
56
72
19
71
71
8
63
62
11
21
31
81
66
19
35
19
54
49
50
21
15
76
17
42
2
17
70
29
98
51
94
53
74
12
24
96
71
38
58
33
59
40
14
76
58
100
94
63
48
43
83
14
70
51
7
72
19
28
100
16
78
93
21
52
57
96
99
79
33
56
12
43
48
77
18
5
28
63
20
75
6
54
40
27
5
46
50
23
73
50
91
2
94
11
5
2
58
4
33
90
59
96
33
6
24
2
63
51
65
82
77
22
35
16
48
91
61
98
66
85
99
56
86
44
18
43
98
75
46
30
16
56
25
100
62
48
2
76
50
18
9
26
39
95
41
38
38
53
87
3
37
85
10
74
81
79
16
78
5
61
7
20
17
83
72
30
30
73
57
79
42
65
56
80
11
96
69
48
48
56
2
36
92
11
9
72
89
77
49
93
89
55
65
57
89
36
86
70
8
94
100
1
10
55
80
21
50
100
20
49
55
22
84
99
32
45
70
73
73
19
65
61
25
29
18
14
64
55
35
23
49
35
23
58
89
54
30
91
54
50
39
60
71
75
58
54
19
80
26
43
50
91
3
74
71
72
39
35
27
74
9
27
60
84
84
48
37
66
38
42
15
77
54
37
3
63
90
73
42
16
15
91
58
17
17
28
41
7
14
67
32
75
45
91
58
80
39
46
45
28
88
11
4
93
47
6
55
37
78
49
4
44
39
13
13
7
92
53
66
58
71
97
32
15
88
89
94
78
86
91
5
73
1
61
17
48
18
72
36
48
20
39
91
10
3
3
69
94
55
34
51
77
30
82
91
69
22
37
46
8
27
3
32
27
63
49
74
32
20
61
79
91
51
70
52
53
24
20
47
31
53
97
7
35
31
98
3
4
34
1
11
12
3
95
38
17
43
64
48
14
24
27
56
75
48
7
27
23
27
25
53
31
22
60
65
4
9
20
7
94
20
70
5
22
64
94
38
58
9
37
71
33
63
78
59
62
84
37
85
62
62
89
45
35
48
9
38
8
28
96
53
47
65
9
20
28
3
9
85
11
46
7
95
60
36
53
74
20
90
58
33
3
46
77
37
46
38
26
5
17
21
58
64
86
18
35
65
72
96
2
35
41
60
29
52
96
34
25
67
75
34
51
77
80
28
65
77
17
90
81
33
62
90
48
99
60
83
64
31
30
17
65
22
76
46
73
23
31
50
89
57
83
92
85
14
71
49
90
87
90
23
19
51
64
67
50
23
1
65
6
30
81
22
51
8
19
75
31
1
